trace: "spark-kmeans-gpg-performance-51gb-trace"
ci: 173.402
pue: 1.0
wue: 0.0001
ewif: 0.64338342524
lue: 0.0001
elif: 0.05437829
model-name: "performance_linear"